808930
828015
801325
644836
649215
682413
685006
851891
1.11546e+06
627778
611747
636248
757253
754959
1.05952e+06
655901
553750
643509
623092
712181
656823
641313
615927
612880
580325
651185
668314
724983
804987
821518
742315
780297
637865
788281
663845
672199
662993
712531
644745
761183
672669
682897
724059
660239
690213
629580
842942
613893
685435
653467
629870
670887
626133
716820
664277
600650
649763
696797
750956
784292
685530
694689
643704
615448
608430
689189
731279
637644
667259
685593
643983
614765
664164
738830
645131
690831
675511
694905
677703
843875
601922
743775
634189
647748
715200
598783
742062
622405
641399
608476
676419
674989
847940
678421
731179
695199
661953
619735
717724
795957
