377366
736514
657567
348116
333962
381652
455078
267230
272475
270947
321803
255284
305839
303941
279682
271314
282817
258682
299857
265521
308251
356768
307004
268078
249898
268612
256903
276268
293492
262033
272269
300112
293302
389414
324536
299061
380314
488123
332775
289133
366390
297010
340117
303921
272335
310009
304255
320920
324980
270200
370194
354625
345847
278831
280055
286025
324453
276837
288181
335808
298544
302415
341138
287455
311141
338670
304231
285681
295476
287831
257661
273447
270711
274433
347807
290181
257617
289672
290178
305223
361424
370623
307032
302645
314012
370619
273786
309682
319503
298402
256618
270392
306219
371778
347950
324414
271929
293108
283126
290272
