564338
479563
457310
555359
503356
633724
471884
572556
485505
495402
468718
494615
481133
529722
629110
592441
481705
476370
496081
504376
520229
518596
600898
516907
527907
475194
578103
433960
455853
500853
501700
570246
542261
432648
518396
552321
542664
527434
490884
457119
565247
516682
465294
493283
490731
492140
516799
502227
531548
511256
636115
509498
577495
513881
508661
549905
507153
602694
614418
483658
553048
568531
477343
491725
497757
468083
566784
524292
526555
921996
635457
1.01808e+06
497150
844441
867061
472701
449326
443264
485764
444958
470050
410950
491716
547998
429108
515330
484433
432197
492726
499051
545659
496196
713152
402301
513228
453189
516543
480122
432057
569569
