200454
265757
174665
297255
302606
281258
177642
150659
115585
113358
109025
105377
109353
123171
121304
117366
106558
114837
117839
133351
136906
112635
108264
126814
137071
114979
97795.2
97609.2
93464.4
103750
98613.7
116868
97830.2
113836
131006
117423
113860
110856
104603
113561
103261
102052
139372
131690
109792
131977
103554
100132
104436
126323
121622
128765
143833
133558
115634
114043
111698
105690
127245
105690
132491
117712
103311
116201
130771
103685
120003
102730
116809
119294
108419
106291
133047
102157
100227
121109
116111
105961
120113
104582
102180
104827
107883
149895
135404
122487
144449
130323
110490
102931
92654.8
99506.4
109599
105838
135288
112456
101908
105689
109640
112401
