13196.5
11636.4
12743.4
11998.6
11326.4
10616.5
11136.7
10828.6
12507.6
21522
15038.6
11779.5
14336.7
11941.7
13262.2
13006.8
9669.8
13180.7
11115.7
10689.7
10579.7
16747.5
14104.1
12836.2
10995.5
13368.5
12001.4
11226.2
10855.6
12113.2
12322.1
11689.1
12025.1
15069.4
19152.7
13676.2
15811.5
16655.2
18049.8
13129.9
20369.3
11308.2
12188.3
14069.1
15806.8
15854.4
13668.2
10555.9
11428.5
10659.8
12078.3
12218.1
11387.5
11681.1
11122.2
11714.7
15377.5
16182.5
13036.6
11517.1
11565.5
10617
11231.3
10670.1
11530.6
11579.1
11511.5
11669.9
12175.7
17110.6
16181.1
12222.3
11235.5
11975.7
13559.2
11960.3
12333.7
12603.6
11876.4
11441.1
9958.33
10654.3
14312
13831.4
9916.38
11281.2
11629.9
12477.7
12566.8
15208.8
11991.6
12192.5
11998.1
14141.3
13592.7
16024.5
15244.7
10795.5
11818.2
13004
